local Library = loadstring(game:HttpGet("https://raw.githubusercontent.com/xHeptc/Kavo-UI-Library/main/source.lua"))()
local Window = Library.CreateLib("GreatZ Hub ///// Spotify Island", "DarkTheme")
local Tab = Window:NewTab("Main")
local Section = Tab:NewSection("Free Item")
Section:NewLabel("first item you can get it from completing Turorial")
Section:NewButton("Second/Third/Four item", "ButtonInfo", function()
    Game.Players.LocalPlayer.Character.HumanoidRootPart.CFrame = CFrame.new(4711.41992, -118.182083, -273.166199, -0.846438169, 0, -0.532486975, 0, 1, 0, 0.532486975, 0, -0.846438169)
    Wait(2)
    Game.Players.LocalPlayer.Character.HumanoidRootPart.CFrame = CFrame.new(4618.71191, -76.0176163, -217.410934, -0.846438169, 0, -0.532486975, 0, 1, 0, 0.532486975, 0, -0.846438169)
    Wait(2)
    Game.Players.LocalPlayer.Character.HumanoidRootPart.CFrame = CFrame.new(4705.04688, -152.30368, -498.78598, -0.846438169, 0, -0.532486975, 0, 1, 0, 0.532486975, 0, -0.846438169)
    Wait(2)
    Game.Players.LocalPlayer.Character.HumanoidRootPart.CFrame = CFrame.new(4594.79639, -150.236526, -603.611023, -0.846438169, 0, -0.532486975, 0, 1, 0, 0.532486975, 0, -0.846438169)
    Wait(2)
    Game.Players.LocalPlayer.Character.HumanoidRootPart.CFrame = CFrame.new(4564.3125, -152.18512, -396.399048, -0.846438169, 0, -0.532486975, 0, 1, 0, 0.532486975, 0, -0.846438169)
    Wait(2)
    Game.Players.LocalPlayer.Character.HumanoidRootPart.CFrame = CFrame.new(4542.5708, -100.028633, -303.659698, -0.846438169, 0, -0.532486975, 0, 1, 0, 0.532486975, 0, -0.846438169)
    Wait(2)
    Game.Players.LocalPlayer.Character.HumanoidRootPart.CFrame = CFrame.new(4484.16553, -152.336197, -481.872559, -0.846438169, 0, -0.532486975, 0, 1, 0, 0.532486975, 0, -0.846438169)
    Wait(2)
    Game.Players.LocalPlayer.Character.HumanoidRootPart.CFrame = CFrame.new(4493.41602, -151.420105, -248.356842, -0.846438169, 0, -0.532486975, 0, 1, 0, 0.532486975, 0, -0.846438169)
    Wait(2)
    Game.Players.LocalPlayer.Character.HumanoidRootPart.CFrame = CFrame.new(4475.97656, -58.5568085, -192.452087, -0.846438169, 0, -0.532486975, 0, 1, 0, 0.532486975, 0, -0.846438169)
    Wait(2)
    Game.Players.LocalPlayer.Character.HumanoidRootPart.CFrame = CFrame.new(4528.68359, -119.756996, -138.287598, -0.221947551, 0, -0.975058615, 0, 1, 0, 0.975058615, 0, -0.221947551)
    Wait(2)
    Game.Players.LocalPlayer.Character.HumanoidRootPart.CFrame = CFrame.new(4431.87793, -116.042519, -704.168823, -0.846438169, 0, -0.532486975, 0, 1, 0, 0.532486975, 0, -0.846438169)
    Wait(2)
    Game.Players.LocalPlayer.Character.HumanoidRootPart.CFrame = CFrame.new(4469.04199, -141.712616, -578.488953, -0.846438169, 0, -0.532486975, 0, 1, 0, 0.532486975, 0, -0.846438169)
    Wait(2)
    Game.Players.LocalPlayer.Character.HumanoidRootPart.CFrame = CFrame.new(4395.74707, -139.103729, -551.762695, -0.846438169, 0, -0.532486975, 0, 1, 0, 0.532486975, 0, -0.846438169)
    Wait(2)
    Game.Players.LocalPlayer.Character.HumanoidRootPart.CFrame = CFrame.new(4388.87646, -146.424622, -439.740417, -0.846438169, 0, -0.532486975, 0, 1, 0, 0.532486975, 0, -0.846438169)
    Wait(2)
    Game.Players.LocalPlayer.Character.HumanoidRootPart.CFrame = CFrame.new(4364.2793, -20.0126705, -472.298981, -0.846438169, 0, -0.532486975, 0, 1, 0, 0.532486975, 0, -0.846438169)
    Wait(2)
    Game.Players.LocalPlayer.Character.HumanoidRootPart.CFrame = CFrame.new(4354.7876, -152.192673, -370.8367, -0.846438169, 0, -0.532486975, 0, 1, 0, 0.532486975, 0, -0.846438169)
    Wait(2)
    Game.Players.LocalPlayer.Character.HumanoidRootPart.CFrame = CFrame.new(4389.28223, -110.594803, -376.391785, -0.846438169, 0, -0.532486975, 0, 1, 0, 0.532486975, 0, -0.846438169)
    Wait(2)
    Game.Players.LocalPlayer.Character.HumanoidRootPart.CFrame = CFrame.new(4334.78076, -79.1174469, -578.910583, -0.846438169, 0, -0.532486975, 0, 1, 0, 0.532486975, 0, -0.846438169)
    Wait(2)
    Game.Players.LocalPlayer.Character.HumanoidRootPart.CFrame = CFrame.new(4284.28613, -151.993683, -297.856934, -0.846438169, 0, -0.532486975, 0, 1, 0, 0.532486975, 0, -0.846438169)
    Wait(2)
    Game.Players.LocalPlayer.Character.HumanoidRootPart.CFrame = CFrame.new(4303.62256, -50.6457748, -200.408737, -0.846438169, 0, -0.532486975, 0, 1, 0, 0.532486975, 0, -0.846438169)
    Wait(2)
    Game.Players.LocalPlayer.Character.HumanoidRootPart.CFrame = CFrame.new(4359.77, -30.2274, -150.823)
    Wait(2)
    Game.Players.LocalPlayer.Character.HumanoidRootPart.CFrame = CFrame.new(4323.36, -60.9883, -310.534)
    Wait(2)
    Game.Players.LocalPlayer.Character.HumanoidRootPart.CFrame = CFrame.new(4397.53, -50.2013, -159.069)
    Wait(2)
    Game.Players.LocalPlayer.Character.HumanoidRootPart.CFrame = CFrame.new(4513.34, -50.572, -168.72)
    Wait(4)
    Game.Players.LocalPlayer.Character.HumanoidRootPart.CFrame = CFrame.new(4396.51, -140, -551.825)
    Wait(2)
    Game.Players.LocalPlayer.Character.HumanoidRootPart.CFrame = CFrame.new(4645.38, -50.7782, -237.234)
    Wait(2)
    Game.Players.LocalPlayer.Character.HumanoidRootPart.CFrame = CFrame.new(4385.68, -125.473, -240.361)
    Wait(2)
    Game.Players.LocalPlayer.Character.HumanoidRootPart.CFrame = CFrame.new(4610.9, -140.728, -502.379)
    Wait(2)
    Game.Players.LocalPlayer.Character.HumanoidRootPart.CFrame = CFrame.new(4420.3, -108.904, -239.103)
    Wait(2)
    Game.Players.LocalPlayer.Character.HumanoidRootPart.CFrame = CFrame.new(4320.31, -60.5194, -170.872)
    Wait(2)
    Game.Players.LocalPlayer.Character.HumanoidRootPart.CFrame = CFrame.new(4349.73, -100.265, -383.918)
    Wait(2)
    Game.Players.LocalPlayer.Character.HumanoidRootPart.CFrame = CFrame.new(4269.5, -50.9314, -307.474)
    Wait(2)
    Game.Players.LocalPlayer.Character.HumanoidRootPart.CFrame = CFrame.new(4427.58, -80.892, -386.181)
    Wait(4)
    Game.Players.LocalPlayer.Character.HumanoidRootPart.CFrame = CFrame.new(4379.77, -10.5012, -474.627)
    Wait(2)
    Game.Players.LocalPlayer.Character.HumanoidRootPart.CFrame = CFrame.new(4402.22, -153.112, -376.801)
    Wait(0.5)
    Game.Players.LocalPlayer.Character.HumanoidRootPart.CFrame = CFrame.new(4402.6, -153.042, -383.663)
    Wait(0.5)
    Game.Players.LocalPlayer.Character.HumanoidRootPart.CFrame = CFrame.new(4400.02, -153.042, -389.517)
    Wait(0.5)
    Game.Players.LocalPlayer.Character.HumanoidRootPart.CFrame = CFrame.new(4397.14, -153.042, -395.226)
    Wait(0.5)
    Game.Players.LocalPlayer.Character.HumanoidRootPart.CFrame = CFrame.new(4389.4, -153.042, -403.274)
    Wait(0.5)
    Game.Players.LocalPlayer.Character.HumanoidRootPart.CFrame = CFrame.new(4384.31, -153.043, -407.111)
    Wait(0.5)
    Game.Players.LocalPlayer.Character.HumanoidRootPart.CFrame = CFrame.new(4378.72, -153.043, -410.21)
    Wait(0.5)
    Game.Players.LocalPlayer.Character.HumanoidRootPart.CFrame = CFrame.new(4374.43, -152.92, -412.862)
    Wait(0.5)
    Game.Players.LocalPlayer.Character.HumanoidRootPart.CFrame = CFrame.new(4385.76, -150.628, -379.925)
    Wait(0.5)
    Game.Players.LocalPlayer.Character.HumanoidRootPart.CFrame = CFrame.new(4383.25, -150.628, -384.012)
    Wait(0.5)
    Game.Players.LocalPlayer.Character.HumanoidRootPart.CFrame = CFrame.new(4377.74, -152.664, -389.178)
    Wait(0.5)
    Game.Players.LocalPlayer.Character.HumanoidRootPart.CFrame = CFrame.new(4372.01, -153.166, -394.705)
    Wait(1)
    Game.Players.LocalPlayer.Character.HumanoidRootPart.CFrame = CFrame.new(4341.28, -67.7086, -566.481)
    Wait(1)
    Game.Players.LocalPlayer.Character.HumanoidRootPart.CFrame = CFrame.new(4345.56, -57.6692, -576.549)
    Wait(1)
    Game.Players.LocalPlayer.Character.HumanoidRootPart.CFrame = CFrame.new(4351.2, -71.4935, -585.822)
    Wait(1)
    Game.Players.LocalPlayer.Character.HumanoidRootPart.CFrame = CFrame.new(4359.14, -68.9659, -583.012)
    Wait(1)
    Game.Players.LocalPlayer.Character.HumanoidRootPart.CFrame = CFrame.new(4357.67, -54.0398, -575.011)
    Wait(1)
    Game.Players.LocalPlayer.Character.HumanoidRootPart.CFrame = CFrame.new(4355.37, -65.1803, -564.911)
    Wait(1)
    Game.Players.LocalPlayer.Character.HumanoidRootPart.CFrame = CFrame.new(4361.65, -69.9943, -562.557)
    Wait(1)
    Game.Players.LocalPlayer.Character.HumanoidRootPart.CFrame = CFrame.new(4364.2, -67.7729, -570.863)
    Wait(1)
    Game.Players.LocalPlayer.Character.HumanoidRootPart.CFrame = CFrame.new(4366.33, -63.9146, -578.959)
    Wait(1)
    print("Clicked")
end)

local Tab = Window:NewTab("Credit")

local Section = Tab:NewSection("Youtube : GreatZ")
local Section = Tab:NewSection("Discord : ! GreatZ#2222") 
